20 19 40 50
0 0 0 0 0 0 0 0 0 S 0 0 0 0 0 0 0 0 0 
0 0 0 0 0 0 0 0 0 0 0 0 0 0 0 0 0 0 0 
-1 0 0 -1 0 0 -1 0 0 -1 0 0 -1 0 0 -1 0 0 -1 
-1 0 0 -1 0 0 -1 0 0 -1 0 0 -1 0 0 -1 0 0 -1 
-1 0 0 -1 0 0 -1 0 0 -1 0 0 -1 0 0 -1 0 0 -1 
-1 0 0 -1 0 0 -1 0 0 -1 0 0 -1 0 0 -1 0 0 -1 
-1 0 0 -1 0 0 -1 0 0 -1 0 0 -1 0 0 -1 0 0 -1 
-1 0 0 -1 0 0 -1 0 0 -1 0 0 -1 0 0 -1 0 0 -1 
-1 0 0 -1 0 0 -1 0 0 -1 0 0 -1 0 0 -1 0 0 -1 
-1 0 0 -1 0 0 -1 0 0 -1 0 0 -1 0 0 -1 0 0 -1 
-1 0 0 -1 0 0 -1 0 0 -1 0 0 -1 0 0 -1 0 0 -1 
-1 0 0 -1 0 0 -1 0 0 -1 0 0 -1 0 0 -1 0 0 -1 
-1 0 0 -1 0 0 -1 0 0 -1 0 0 -1 0 0 -1 0 0 -1 
-1 0 0 -1 0 0 -1 0 0 -1 0 0 -1 0 0 -1 0 0 -1 
-1 0 0 -1 0 0 -1 0 0 -1 0 0 -1 0 0 -1 0 0 -1 
-1 0 0 -1 0 0 -1 0 0 -1 0 0 -1 0 0 -1 0 0 -1 
-1 0 0 -1 0 0 -1 0 0 -1 0 0 -1 0 0 -1 0 0 -1 
-1 F5 F5 -1 0 0 -1 F20 F20 -1 F20 F20 -1 0 0 -1 F5 F5 -1 
0 0 0 0 0 0 0 0 0 0 0 0 0 0 0 0 0 0 0 
0 0 0 0 0 0 0 0 0 G 0 0 0 0 0 0 0 0 0 